00000000
00000000
00000000
00000000
00000000
00000000
00000000
00010000010100100001010100000011
000100000111001000011100
00100000010100000010001000010100
00100000011010000001101000001110
00000000
00000000
00100000001100001000001000011010
000100000111001000011110
0000001000001100
0000001000001110
00000000
00000000
00100000001100001000001000001100
0001000010100000
0001000001000000
0001000000100000
00000000
00000000
0010000000110000010000100000010100000110
000100000101000100001000
000100000100000100001000
000100000100000100000101
00000000
00000000
00000000
00000000
00000000
00000000
00000000
