//Format:[Col7_MSB...Col0_LSB](Each16-bit)
//FinalOutput
00000000010101000000000000000000000000000010010100000000000101100000000001010010000000000000000000000000000000000000000000000000
00000000001111100000000000000000000000000010011000000000010001100000000010001100000000000000000000000000000000000000000000000000
00000000001111010000000000000000000000000000000000000000010010100000000010100110000000000000000000000000000000000000000000000000
00000000000100100000000000000000000000000000011000000000001111100000000001100011000000000010001100000000000000000000000000000000
00000000100111010000000000110101000000000000000000000000010100110000000010010100000000000000000000000000000000000000000000000000
00000000101000100000000000000100000000000000000000000000101110010000000100010110000000000000000000000000000000000000000000000000
00000000101000110000000000000000000000000000000000000000101101000000000100011000000000000000000000000000000000000000000000000000
00000000010001110000000000000000000000000000101100000000101011010000000010110110000000000010111100000000000000000000000000000000
00000000011001000000000000111101000000000000000000000000010101000000000010100100000000000000000000000000000000000000000000000000
00000000010110010000000000011001000000000000000000000000100010100000000100011001000000000000000000000000000000000000000000000000
00000000010110110000000000000000000000000000000000000000011100110000000100001100000000000000000000000000000000000000000000000000
00000000000111110000000000000000000000000000110100000000011110100000000010111001000000000010100000000000000000000000000000000000
00000000001011000000000000011101000000000000000000000000000111100000000000101101000000000000000000000000000000000000000000000000
00000000001101010000000000000001000000000000000000000000010000000000000001101010000000000000000000000000000000000000000000000000
00000000001010100000000000000000000000000000000000000000001010110000000001101000000000000000000000000000000000000000000000000000
00000000000000100000000000000000000000000000000000000000010000010000000001011101000000000001101100000000000000000000000000000000
00000000000000000000000000000000000000000000000000000000000000000000000001000100000000000010010000000000011001110000000000000000
00000000000111110000000000000000000000000000000000000000000000000000000010000101000000000110001100000000011010000000000000000000
00000000000111010000000000000000000000000000000000000000000000000000000001101011000000000110100100000000010001110000000000000000
00000000010100110000000000000000000000000000000000000000000000000000000001011010000000000101100100000000000001110000000000000000
00000000000000000000000000000000000000000000000000000000000000000000000000110011000000000000000000000000101110100000000000000000
00000000000000100000000000000000000000000000000000000000000000000000000010000000000000000000000000000000110011100000000000000000
00000000000010100000000000000000000000000000000000000000000000000000000001110111000000000000000000000000100111110000000000000000
00000000011100100000000000000000000000000000000000000000000000000000000010000100000000000011000000000000001100100000000000000000
00000000000001010000000000000000000000000000000000000000000000000000000000110000000000000000000000000000100100110000000000000000
00000000001001000000000000000000000000000000000000000000000000000000000010001001000000000000000000000000110000000000000000000000
00000000000010000000000000000000000000000000000000000000000000000000000010100001000000000000000000000000101000010000000000000000
00000000011001100000000000000000000000000000000000000000000000000000000010110000000000000010001100000000001100010000000000000000
00000000000000000000000000000000000000000001111100000000000000000000000000001111000000000000000000000000011101010000000000000000
00000000000000000000000000000000000000000000000000000000000010110000000001001010000000000000000000000000101010000000000000001010
00000000000000000000000000000000000000000000000000000000000110110000000001101111000000000000000000000000100100000000000000101011
00000000001011010000000000000000000000000000000000000000000000000000000010001110000000000000000000000000001011110000000000000000
