//Format:[Row15_MSB...Row0_LSB](Each-row-is-4-bit)
//Time-step-0-to-35
0000000000000000000000000000000000000000000000000000000000000000
0000000000000000000000000000000000000000000000000000000000000000
0000000000000000000000000000000000000000000000000000000000000000
0000000000000000000000000000000000000000000000000000000000000000
0000000000000000000000000000000000000000000000000000000000000000
0000000000000000000000000000000000000000000000000000000000000000
0000000000000000000000000000000000000000000000000000000000000000
0000001000000000000000000001001000000000000000010001000000000010
0000001100000000000000010001000100000000000000100001000000000011
0000001000000000000000000000001000000000000000110000000000000010
0000000100000000000000000000001000000000000100110000000000000010
0000000000000000000000000000000000000000000000000000000000000000
0000000000000000000000000000000000000000000000000000000000000000
0000001100000000000000000000000000010000000000100001000000000010
0000001100000000000000000000000000000000000000110001000000000011
0000001100000000000000000000000000000000000000110000000000000011
0000001000000000000000010000000100000001000100110000000000000011
0000000000000000000000000000000000000000000000000000000000000000
0000000000000000000000000000000000000000000000000000000000000000
0000001000010000000000000000000000010000000000100000000000000011
0000001100010001000000000010000000000000000100110000000000000011
0000001100000001000000000001000100000000000100110000000000000011
0000001100000001000000010000000100000000001000100000000000000011
0000000000000000000000000000000000000000000000000000000000000000
0000000000000000000000000000000000000000000000000000000000000000
0000000100000000000000000000000100000000000100010000000000000010
0000000100010000000000000000000000000000000100010000000000000011
0000001000010000000000000000000100000000000100010000000000000011
0000001000000000000000000000000100000000001000010000000000000011
0000000000000000000000000000000000000000000000000000000000000000
0000000000000000000000000000000000000000000000000000000000000000
0000000000000000000000000000000000000000000000000000000000000000
0000000000000000000000000000000000000000000000000000000000000000
0000000000000000000000000000000000000000000000000000000000000000
0000000000000000000000000000000000000000000000000000000000000000
0000000000000000000000000000000000000000000000000000000000000000
