00000000000
00001001001
00010010010
00011011110
00100100111
00101110000
00110111100
01000000101
01001001110
00000000001
00001001010
00010010011
00011011111
00100101000
00101110001
00110111101
01000000110
01001001111
00000000010
00001001011
00010010100
00011100000
00100101001
00101110010
00110111110
01000000111
01001010000
00000000011
00001001100
00010010101
00011100001
00100101010
00101110011
00110111111
01000001000
01001010001
00000000110
00001001111
00010011000
00011100100
00100101101
00101110110
00111000010
01000001011
01001010100
00000000111
00001010000
00010011001
00011100101
00100101110
00101110111
00111000011
01000001100
01001010101
00000001000
00001010001
00010011010
00011100110
00100101111
00101111000
00111000100
01000001101
01001010110
00000001001
00001010010
00010011011
00011100111
00100110000
00101111001
00111000101
01000001110
01001010111
00000001100
00001010101
00010011110
00011101010
00100110011
00101111100
00111001000
01000010001
01001011010
00000001101
00001010110
00010011111
00011101011
00100110100
00101111101
00111001001
01000010010
01001011011
00000001110
00001010111
00010100000
00011101100
00100110101
00101111110
00111001010
01000010011
01001011100
00000001111
00001011000
00010100001
00011101101
00100110110
00101111111
00111001011
01000010100
01001011101
00000010010
00001011011
00010100100
00011110000
00100111001
00110000010
00111001110
01000010111
01001100000
00000010011
00001011100
00010100101
00011110001
00100111010
00110000011
00111001111
01000011000
01001100001
00000010100
00001011101
00010100110
00011110010
00100111011
00110000100
00111010000
01000011001
01001100010
00000010101
00001011110
00010100111
00011110011
00100111100
00110000101
00111010001
01000011010
01001100011
00000100100
00001101101
00010110110
00100000010
00101001011
00110010100
00111100000
01000101001
01001110010
00000100101
00001101110
00010110111
00100000011
00101001100
00110010101
00111100001
01000101010
01001110011
00000100110
00001101111
00010111000
00100000100
00101001101
00110010110
00111100010
01000101011
01001110100
00000100111
00001110000
00010111001
00100000101
00101001110
00110010111
00111100011
01000101100
01001110101
00000101010
00001110011
00010111100
00100001000
00101010001
00110011010
00111100110
01000101111
01001111000
00000101011
00001110100
00010111101
00100001001
00101010010
00110011011
00111100111
01000110000
01001111001
00000101100
00001110101
00010111110
00100001010
00101010011
00110011100
00111101000
01000110001
01001111010
00000101101
00001110110
00010111111
00100001011
00101010100
00110011101
00111101001
01000110010
01001111011
00000110000
00001111001
00011000010
00100001110
00101010111
00110100000
00111101100
01000110101
01001111110
00000110001
00001111010
00011000011
00100001111
00101011000
00110100001
00111101101
01000110110
01001111111
00000110010
00001111011
00011000100
00100010000
00101011001
00110100010
00111101110
01000110111
01010000000
00000110011
00001111100
00011000101
00100010001
00101011010
00110100011
00111101111
01000111000
01010000001
00000110110
00001111111
00011001000
00100010100
00101011101
00110100110
00111110010
01000111011
01010000100
00000110111
00010000000
00011001001
00100010101
00101011110
00110100111
00111110011
01000111100
01010000101
00000111000
00010000001
00011001010
00100010110
00101011111
00110101000
00111110100
01000111101
01010000110
00000111001
00010000010
00011001011
00100010111
00101100000
00110101001
00111110101
01000111110
01010000111
