//Format:[Row15_MSB...Row0_LSB]for_specific_Col_and_Kernel_idx
//Layout:K_ij->Output_Ch(Col)->Input_Ch(Row)
0011110100011110110011000001010011101100110111100000111001011010
0011011011001100001001111101110000110101001011011111111101111010
1111001001001001100101011001010010100010011011000000110011100001
1001010110010101111000100000000000111101000001110101000011100000
1111111000001101110100000011011100000111111101110011000010010111
1011000010010111110001100010001101000111000000100111000011111010
1001001011100111000101100100100101111110100100000111000101011010
1011101111100101110000100011010110011101110100111111100111100000
1111111001010111011100010101000111010010010111011110001011110010
1101011100101001100111000000001110101001101000001110100100000100
0001000000100111010001111111000011100001000000000001110101111100
1001010010010111111000001010000110010001010001111111000011000011
1011011101000011111101110001111101111100010110011111001101001100
1110111000000111001110010011111011110010101000011111110111001001
1100001000100100110100001110111111010011011110101101010111110001
0000001011000001010110011001001101011001111101111100111010111111
0100111000011101100110011111011010101011000010110001110100111100
0010000011101011000011011001000011110000000010110000111001001001
0000000101111001100101000000000011010111011110011111000111110111
1111001010010011001111110100101000000000111101100011010000010110
0001111001110000111000010110000000100011000001000111010110100111
1111000111111111110011100010001000110010000111100111101111011001
1101010110010010001000111111111001010000110001110100111100101001
1001110011100100000100010110010010011111110101110100100110111111
0100101001010111011101010001111011110010001011001001000100011100
0000010001001001101100010111001010011111101001001011110100100000
0011101101000100001100001100110100001111000100011100111101111001
1011010111010110110000001010111110101110010100100011001010010001
1001011101100110101101010011000000110000011110011100111101011001
1101000101010100000110010111000100000111100100010001111011101100
1010101101110111001000110100110111110100000010100001011111111101
0000000100010001010110011110001101101001000111100000011000011111
0010110000101101100111010101011111011101001010100010111000011011
0001000011011100110111101011110001011001111010100100111111111100
1111101101110000100101001111000010010111000010101101000100010001
0000110111001111000010111010111000000001100101110000000000000101
1011101101001001110100001101110010110000100101001100000011000100
1111110110101010101111011001110000010001111011110111100100001001
1110011011001101011111100110101001010001000101110000000001011101
1001001011001110111000000111010110010001111001110110100100011101
0000111101000111001000001101001011011011011110111010000011010010
0000011101100010101101000111010011000100110101111110110100100101
0101111000110100000100001001110111101001101111001010110101111011
1010000011010100100101011001001110111110000100010000110010110001
1001011100101111100101110011001011011101011110011110111000111111
1111111001100111010010110111110100000111110000110000010100011011
1110101100110111111000010001111110011001001000001101000100001100
0001100101100100010011001001000001001001101011111111000100101001
0001101111000000111100000101001010111111110101000001101101110001
0100000111011101001101001110101000010110000100001110111001111001
1100110000111110101101010001010010100111010011110001100111101110
1100001011100110110000110001100111101001000101011101000010110011
1001111100100011100111101001100111110111100101100011101110100000
1110100100010111110000110111010000110111111000010010111010110010
1010111011000111111001110010101100111110111001000111000101101100
1011101100010101110001001001111010111001101000011110110000000001
0010111001110111010101001110000111101101001011110111011011110111
0001000001111010101111001001000011101010101010111110111101110101
0000001000110001110001110111011110110011111000000101110001110001
1110111111000101110011111100011111101010001000010111011110100111
1111011000010001111101111111101001011100000000000101011101110000
1100100101111111000010110001000100101001100111100100001000010011
1110101100000001101100100010001010010101111001000000001100111110
0010111100110100001000000101011100001010111000101001111000110010
0010100110110000111111100000011111001110100101111100101000011111
0100110011111110001000011111000111010101011100011110000101101110
1101000101110001001100010010001111010111011111100111110011100000
0100000111100010000100000011100100011001000000101101001100010101
1011000001000111111011111001100101000111110001111111000100010101
1011111001100010000000110111001001000010111111110110110010110111
1100110111000100000101011101101000100000100101110101000100111001
0000111000010111000101101001000011101001111001010011001000110100
0001100101010111011101001001111000010000100100000000011111110001
1111000101111100000011100000111111111110100100011111000101110111
0011000000101011110100010111011110110001000000110100111101110000
0011001100010010110100010001011111001100111100110111010111100110
1110110100000011001001111001110000001110100111101111011100111111
1111110100100010001011010011010000011011100111110101010011110011
1101100101100111001101110111110111010111100111110101011101111101
0111110101110110011000010111000101111001000000000000000001000111
0001111010110010111111110111011111100111000101111110101000011001
0110110100111110000111110111111101000011000000001110000101000011
1101100101000111111011111111111010100010111011011001100100000000
0001001111001111101011111111101100100000101001111001000100110011
1001110000101111100111001001100111000010100100111001001100100001
1100111001111110100111010100001000011110100110010101110111110001
1100011110110011001100010001110100011101000101101011001101100010
1101000101110010111100111111000100001001110100110011001101000011
0010000000110100111100111100001111101011010111010000010010110111
1111001101110000111100010010010100011111100100100011011101110101
0001000011101001111000110011011011011111000111010001110101111010
0100100111110101101001001001000111101001100100011111000100000001
1111011011110000111001011010000100001100001111011101011100110001
0001110101110011011111100111010001011111110000110111011011110111
1110100101110111000001010001111011010011100100110010010001101111
0101100101110111010011100111100111011111100100101001111100110001
0001110111101110100101111101110111100001111000011101110001111001
0011111100101100000000001001101000100001101111100000000001111001
1111011110110111011001001001110011111100010101111011110111101110
1101001111000111010111100000111010010010011001011100111010010111
1010001111010100010111000010101100000101000100000011000011100001
1110000000110111001111111001100101110000011111010001111010100111
0010101011000110111000110011101100111110100111111110111000111011
1110001011110011101100100011011011011001111111011100010000110010
1111110000000011110000110111010100000000001110010001011111100100
1100011100101001001110111001001100001011101111001001001101010010
1010011101001011111001010101111111111110110111110001111101100100
0010110000101100101000100000011100111010111011110110111010110111
1110001111001011110101111011110001000001101011110111011001100000
1110101111011111111110111101000101111001100110010101011111101001
1010000010111101111011110010111011100111111100100001111000001011
1011001101010111101101101110011110011110111100001001010100110111
0010100111010010110001111100001010010011001001011101100101001010
0011101101011110000000011001101011100110100111111100001001111100
1110001010010010011100101010110011111011011100001011001000011110
0000001100101101001111100111110010010111011000100011101011010111
1001011000110101000111101110101011110100001100010101010001000111
1101001001110100000100101011100101101001010010010101111111110010
1111100111100000110100111111101001000000100101011110110100111111
0001000000110101000001000111011000011001111111110011011100110010
1110100111110111110001011101011011010000110110101100011110111001
0001011100111101010111011111001000111010100111001001011100110000
1101011111101001100100011010011011101001001000011101111000011111
0101000000011010100100001111000011111111000111110111000100000111
0000100111111110100101111100101100000001100111110010001001111111
0010101111010000001111110011000000111100111010010010011011111001
1001000000010101010001010101101101010111110011110101000001101001
1001001011110111011101000011000011100100000011101001010111110100
0000100111100111001001110010000010010111011100100001110011111100
0000000101111111000011111011100100000111110111111011000011110010
0000111110010011011101111001101111001001110101001001000101011001
0011000001111010110100010011000010010111001001111111101100100111
0001000100010000110100011001110110100011110111111100010101010111
1111001101111111100111011110110001011001010011100111111111110001
1111010011101110111001000100111000000001110010111101111001100000
1101011100010111001001110111001100101001010000100111011001010101
0001110110010100100100111001010111011101011010010010011110010001
1101011101001110001111010011000000011110100100101111011101000101
1011010111001001100100011101011100001011111111111101000011111110
0100110100011100100111101001000000001001100101101111000000010110
0001000111001011111101001100001000000000111111100011010001110000
0100110000100111011000000111010001100010000011000101010000111001
1100000011110001000000001111111100110111101001010100000000111001
1110110100010101011111101101110110010001100111111001001111000100
