#col0row7[msb-lsb],col0row6[msb-lst],....,col0row0[msb-lst]#
#col1row7[msb-lsb],col1row6[msb-lst],....,col1row0[msb-lst]#
0000001011111101000000110000011100000111000000100000000011111011
1111100111111111000000011111100100000010111111010000000000000001
0000001111111111111110011111111000000011000000111111111100000111
1111111111111111000000001111110100000001000000011111111011111110
1111111100000000111111101111110011111110000000101111110011111001
1111110011111111111110011111110111111100000000001111100100000100
0000001100000001000000100000001100000111000000110000001011111101
0000011100000111000001110000011100000111000001110000001000000111
1111111100000001000001110000001000000000000000011111110100000111
1111110111111111111111011111100111111111111111010000000000000010
0000011011111110111111101111100100000101000000101111110100000000
1111110111111110111111011111101111111110111111101111110111111100
0000000111111110111111111111100100000011000000101111111100000101
1111101111111010111111010000000111111110000000001111100100000111
0000000111111110111110010000001100000111000000010000011100000111
0000011100000111000001110000011100000001000001110000000111111001
0000000000000000111110010000001111111010111111111111110100000111
1111111100000001111111001111100111111110111111011111111111111111
0000001100000010000000010000000100000111000000100000001011111001
1111101111111100111111111111110111111011111111001111111011111110
0000000000000010111111011111100100000011000000111111110000000111
1111110100000010000001010000000111111001000000101111100100000111
1111111111111011111110110000001100000100000000000000000011111110
0000011100000111111110010000011111111111000001110000000111111001
0000000100000010000001110000011100000100000000011111100100000011
1111111011111100111111111111101011111101111111011111110011111101
0000000111111101111110010000000100000111000000011111110100000011
0000010000000101000000001111100100000000000001101111110111111110
1111110100000111111111001111101100000010111111000000011011111001
1111111100000000111110010000011011111001111111011111100111111001
0000000100000011000000000000000000000111000000100000011100000111
0000010100000001000000010000011100000100000001110000001100000111
0000000000000010000001110000011100000001111111110000000011111001
1111110011111111111111001111100111111001111111101111110011111110
0000001011111110111110010000011111111001000000100000010000000111
0000000000000111111110111111100111111101000000111111101111111101
0000000000000111000000011111100111111101111111010000011100000111
1111110100000011000001110000011111111110111111101111100100000111
0000000000000001111111110000010000000001000000100000011100000111
0000011000000111000000010000001011111111000001111111110100000111
0000000000000001000001101111100111111101111111100000011111111001
1111111100000000111111011111100111111011111111011111110011111110
0000001011111110000001111111100100000111000000000000011100000101
1111111000000011111111011111100111111011111111111111110111111010
0000000100000111000000101111100100000011000000100000010100000010
1111111000000001000000110000011111111001000000001111100100000111
0000000000000111111110111111100100000000000000010000000111111001
0000010000000111111110010000011100000011000001111111100100000111
0000001011111110000001101111100111111101000000011111110011111001
0000000111111101111111111111111111111111000000101111111011111101
0000000100000100000000010000011100000101000000000000011111111001
0000001100000111000000101111101000000000000001111111111100000111
1111111100000010000001011111100111111100111111000000000100000111
0000001011111101111110011111111111111111000000001111100100000001
0000000011111011000001001111100111111001111111100000011100000001
0000001111111001111111011111100111111101000000100000000000000111
0000000111111111000001111111100100000111000000000000000100000011
1111111111111111111111111111101111111011000000001111111011111101
0000000011111001000001110000011100000011000000000000011100000111
0000000100000111111111111111100111111100000001111111101100000111
0000000100000010000001111111101111111010111111111111111100000111
1111111000000001111110010000010111111110111111011111100100000000
1111111000000111000001000000001011111001000000010000011111111001
0000000000000000111110011111101011111110000000110000001000000111
0000000100000011111110011111100100000110000000011111111100000101
1111111111111110111111101111101111111101000000011111110111111111
0000000111111001111111101111100100000111000000000000011100000111
0000000000000111111111101111100111111101000001001111110100000100
0000001000000100000001111111111000000101000001011111111100000111
0000000100000011000000101111110011111010000000001111100111111010
0000000000000111000000001111100111111110000001001111111111111001
0000000011111001111110010000011111111001000000101111100100000001
