10001101111110011001000110010110
00011010001000100110011100000101
01001001111010010010001001011001
01101001100011001000001000111010
11110111100110111001001101111110
01111111101011101010010110101000
11101000001111010011111000101010
00101010101000111100100100101101
01100101000010010011111100010101
00000010001001100001000001010110
00110010111001111010101110100110
11010000111010111100001110100001
01101110111011101011110000110101
10000010011110101100000110011010
00011110011000001110000010111101
10110000001111010001000101000010
01010010101010111011100100011011
10001110101001100101110010011010
00110010110001011011010101111101
00111100010110111001111110111100
10011100111001100010011000101010
10001111101000100110111101011000
01011101111111111110111001011100
10101001100010001101111000111100
01111100100011000011101110001111
01011011000100000011101001110001
00011010100001000001100010001100
10011011000110100000100011100111
01010000000001010011011101100101
00111101100110001010101100000110
00001110010100111000010101001111
00010010001100110001101110110101
00011000011110101001111010111001
11000111011010010011000110111110
11110110111111100001110001101000
10110110001100100100100100001011
11101011111100001111111001011010
00001100000101101100101000101111
10111111110111001001001000011101
10001100110011000010111010111111
11010001100000101100010111111101
01100010110101100111101011000100
10001000011010110010010000101111
10100101000101110010100110111010
10010100001010011011100001101110
01010111011110100001000011101010
00000111011110101001111001011101
00100101011010101000011001101110
10101100011010100011111011111000
11010001000010011100101111111110
11010100110010001010000101100000
11011011111010000110111100110000
01100001101110100001101100101010
11111000101001011010100010011010
10000101101111101011110011110111
01011011000110111110101011001100
00111111111010110001100010011000
01000000000001011001011101001101
00000111100100110101010101001011
00010101010101110110011000000011
00111111010111110100011000001111
10001000000111111100110001011000
01000011011100011111111001011111
01100001101101101011101000011010
01000000000111101010100010111101
01100001101111010111111000100010
11000110000111100110010000000101
00001110001001011011010010010101
11101100001100100111010000101100
00011011010000010100000111001000
01110000001001000000100100000110
11000100011001111011000011101000
00000000000000000000000000000000
00000000000000000000000000000000
00000000000000000000000000000000
00000000000000000000000000000000
00000000000000000000000000000000
00000000000000000000000000000000
00000000000000000000000000000000
00000000000000000000000000000000
00000000000000000000000000000000
00000000000000000000000000000000
00000000000000000000000000000000
00000000000000000000000000000000
00000000000000000000000000000000
00000000000000000000000000000000
00000000000000000000000000000000
00000000000000000000000000000000
00000000000000000000000000000000
00000000000000000000000000000000
00000000000000000000000000000000
00000000000000000000000000000000
00000000000000000000000000000000
00000000000000000000000000000000
00000000000000000000000000000000
00000000000000000000000000000000
00000000000000000000000000000000
00000000000000000000000000000000
00000000000000000000000000000000
00000000000000000000000000000000
00000000000000000000000000000000
00000000000000000000000000000000
00000000000000000000000000000000
00000000000000000000000000000000
00000000000000000000000000000000
00000000000000000000000000000000
00000000000000000000000000000000
00000000000000000000000000000000
00000000000000000000000000000000
00000000000000000000000000000000
00000000000000000000000000000000
00000000000000000000000000000000
00000000000000000000000000000000
00000000000000000000000000000000
00000000000000000000000000000000
00000000000000000000000000000000
00000000000000000000000000000000
00000000000000000000000000000000
00000000000000000000000000000000
00000000000000000000000000000000
