#col0row7[msb-lsb],col0row6[msb-lst],....,col0row0[msb-lst]#
#col1row7[msb-lsb],col1row6[msb-lst],....,col1row0[msb-lst]#
#................#
00101101001101110111001000001011
10011111000110010010110100000001
00111111100111100011001111110111
11111111000011010001000111101110
11110000111011001110001011001001
11001111100111011100000010010100
00110001001000110111001100101101
01110111011101110111011100100111
11110001011100100000000111010111
11011111110110011111110100000010
01101110111010010101001011010000
11011110110110111110111011011100
00011110111110010011001011110101
10111010110100011110000010010111
00011110100100110111000101110111
01110111011101110001011100011001
00000000100100111010111111010111
11110001110010011110110111111111
00110010000100010111001000101001
10111100111111011011110011101110
00000010110110010011001111000111
11010010010100011001001010010111
11111011101100110100000000001110
01110111100101111111011100011001
00010010011101110100000110010011
11101100111110101101110111001101
00011101100100010111000111010011
01000101000010010000011011011110
11010111110010110010110001101001
11110000100101101001110110011001
00010011000000000111001001110111
01010001000101110100011100110111
00000010011101110001111100001001
11001111110010011001111011001110
00101110100101111001001001000111
00000111101110011101001110111101
00000111000110011101110101110111
11010011011101111110111010010111
00000001111101000001001001110111
01100111000100101111011111010111
00000001011010011101111001111001
11110000110110011011110111001110
00101110011110010111000001110101
11100011110110011011111111011010
00010111001010010011001001010010
11100001001101111001000010010111
00000111101110010000000100011001
01000111100101110011011110010111
00101110011010011101000111001001
00011101111111111111001011101101
00010100000101110101000001111001
00110111001010100000011111110111
11110010010110011100110000010111
00101101100111111111000010010001
00001011010010011001111001110001
00111001110110011101001000000111
00011111011110010111000000010011
11111111111110111011000011101101
00001001011101110011000001110111
00010111111110011100011110110111
00010010011110111010111111110111
11100001100101011110110110010000
11100111010000101001000101111001
00000000100110101110001100100111
00010011100110010110000111110101
11111110111010111101000111011111
00011001111010010111000001110111
00000111111010011101010011010100
00100100011111100101010111110111
00010011001011001010000010011010
00000111000010011110010011111001
00001001100101111001001010010001
